tenant_name,tenant_code,username,email,password
PAYROLL,PAYROLL,timoraph_admin,adminpayroll@timora.ph,12345678
,,,,
